Latitude ,Longitude ,desirability ,connectedness ,population (rough)
41.871608050522994,-87.74517217791391,0.4,0.4,0.409
41.88684830347631,-87.80317598719213,0.5,0.5,0.545
41.88715939826551,-87.78366103293801,0.5,0.4,0.500
41.984294057828016,-87.83802598504772,0.6,0.7,0.364
41.88322001293653,-87.62618878473234,1.0,0.9,0.909
41.875567625950715,-87.63172207547264,0.9,0.8,0.682
41.89118929406765,-87.64757831015247,0.8,0.7,0.636
42.06398654414921,-87.68561725654831,0.5,0.4,0.409
41.961486633040835,-87.74361697430824,0.4,0.4,0.455
41.8218151964997,-87.62146281101369,0.5,0.5,0.500
41.79541826211501,-87.63116917003116,0.6,0.5,0.545
41.88432109621861,-87.70615542049478,0.5,0.5,0.500
41.750412342729696,-87.62517835384935,0.4,0.5,0.591
41.91065458056037,-87.64917726687139,0.8,0.6,0.545
41.81033813281231,-87.63102579710096,0.5,0.5,0.545
42.04771009459835,-87.68354292586837,0.6,0.5,0.455
41.94702865537701,-87.6747361074464,0.7,0.5,0.591
41.854279630327355,-87.69482291545437,0.5,0.4,0.500
41.88573698625938,-87.63088601833961,1.0,1.0,1.000
41.88480886783524,-87.62781338044591,1.0,0.9,0.955
42.03345571051573,-87.67953792271051,0.5,0.4,0.409
41.87388872444464,-87.725624930077,0.4,0.4,0.455
41.952940261723505,-87.72917726558204,0.5,0.5,0.500
41.85790770843142,-87.6691601248801,0.6,0.5,0.545
41.780129716720246,-87.61554588356856,0.4,0.4,0.409
41.795176653771136,-87.61832410779981,0.5,0.5,0.455
42.05416022489172,-87.68356032638904,0.5,0.4,0.409
41.851924714963396,-87.74534200985961,0.4,0.4,0.409
41.973453322879514,-87.65852996352429,0.7,0.6,0.636
41.888967933815984,-87.63397336028807,0.9,0.8,0.727
41.89667121282868,-87.62817635256233,0.9,0.8,0.773
41.882695018498964,-87.63385352993139,0.9,0.8,0.727
41.96425415994733,-87.65773404557505,0.7,0.6,0.636
41.8869875216134,-87.79378335175879,0.5,0.5,0.500
41.7866135510346,-87.73795637168769,0.7,0.6,0.364
41.89607523740354,-87.65521427917491,0.8,0.7,0.636
41.87872328348997,-87.63373997596631,0.9,0.8,0.773
41.9182165680886,-87.65264430600404,0.8,0.6,0.591
41.88557678872635,-87.65212799206752,0.8,0.7,0.636
41.88716322654387,-87.75498649428108,0.4,0.4,0.409
41.780308767768915,-87.6058574174785,0.4,0.4,0.364
42.0010733596017,-87.6610607008597,0.6,0.5,0.500
41.876908340423775,-87.62820914456076,1.0,0.9,0.909
41.874039244054394,-87.62747911770376,0.9,0.8,0.818
41.98350728784708,-87.8593877016713,0.6,0.7,0.318
41.86740495963631,-87.62658988700281,0.9,0.7,0.727
41.96620994947778,-87.69411112481461,0.5,0.5,0.500
41.87588563477907,-87.65945550927005,0.8,0.7,0.591
41.87442550900997,-87.70597829539031,0.4,0.4,0.455
41.93813166977897,-87.71235935057341,0.5,0.5,0.500
42.04165464471751,-87.68160198666094,0.5,0.4,0.409
41.78053433456899,-87.63100044907034,0.4,0.5,0.455
41.871563004328266,-87.66954322799872,0.6,0.5,0.545
41.94742799746875,-87.65362593077104,0.8,0.6,0.636
41.84690144087428,-87.64813110426746,0.6,0.6,0.545
41.79988782039872,-87.72444964277845,0.5,0.5,0.500
41.966146895889715,-87.70165573251133,0.5,0.5,0.500
42.02761184862187,-87.67832941601363,0.5,0.4,0.409
41.97798399254405,-87.65866841969589,0.7,0.6,0.636
41.94381225617526,-87.66360955994172,0.7,0.5,0.591
41.80209158434365,-87.61850159987594,0.5,0.5,0.500
42.0731527622841,-87.69072951855928,0.4,0.4,0.364
41.9473601024952,-87.71909930215281,0.5,0.5,0.500
41.887292784706375,-87.77413525552275,0.4,0.4,0.409
41.80920883501687,-87.61882612858349,0.5,0.5,0.500
41.97887673887917,-87.90184840013661,1.0,0.8,0.136
41.831678021663535,-87.62588147448886,0.6,0.6,0.545
41.95452313953493,-87.67495574333226,0.6,0.5,0.545
41.96175171130978,-87.67516539063618,0.6,0.5,0.545
41.97063413812226,-87.76089227927595,0.6,0.7,0.455
41.93273150100663,-87.65313085718888,0.7,0.6,0.636
41.88070346119076,-87.62937770045221,1.0,0.9,0.909
41.887389014441396,-87.76564950550599,0.4,0.4,0.409
41.853205796014315,-87.63096782627767,0.7,0.6,0.591
41.92972804225143,-87.7085413860205,0.7,0.6,0.591
41.96625004821776,-87.68850260590037,0.6,0.5,0.545
41.88316442656523,-87.6294400596467,1.0,0.9,0.909
41.884966194456915,-87.6768857202498,0.6,0.5,0.545
41.936032602681166,-87.65326645004653,0.7,0.6,0.636
42.02624389455922,-87.74722101369109,0.4,0.4,0.364
41.8755162091606,-87.64964223079026,0.8,0.7,0.591
41.85399195494557,-87.71488026411758,0.4,0.4,0.409
41.83935587879333,-87.66531166332861,0.5,0.5,0.500
41.90974379246453,-87.67743665449984,0.7,0.6,0.591
42.05828247066971,-87.68333688171246,0.5,0.4,0.409
41.87425731129019,-87.81731777906768,0.4,0.5,0.364
41.88421953162615,-87.69623421620008,0.5,0.5,0.500
41.722375984242476,-87.62441474538349,0.5,0.6,0.545
41.910409180297236,-87.63930216454519,0.8,0.6,0.591
41.87563542876877,-87.67394587971816,0.7,0.6,0.545
41.829560088047614,-87.68058736862578,0.5,0.5,0.500
41.879510219372655,-87.62609789982032,1.0,0.9,0.909
41.885311395579535,-87.6669509366128,0.7,0.6,0.591
41.854396837500744,-87.68517922105977,0.5,0.5,0.500
41.96913894081545,-87.65849296173627,0.7,0.6,0.636
41.851773309963825,-87.756692014772,0.4,0.4,0.409
41.95377494743192,-87.65492939219291,0.7,0.6,0.636
41.990259494019185,-87.6590758588342,0.6,0.5,0.545
41.966092607037865,-87.70884379252877,0.5,0.5,0.500
41.87685533507961,-87.63173383435944,0.9,0.8,0.727
41.873490051902145,-87.80696087265021,0.4,0.4,0.364
41.9250513685894,-87.6528658377562,0.8,0.7,0.636
41.87552957397782,-87.68843451104553,0.6,0.6,0.545
41.96641097276443,-87.67863488433056,0.6,0.5,0.545
41.90392031283341,-87.63141229300709,0.9,0.7,0.682
41.77895340563769,-87.6638448484402,0.4,0.4,0.409
41.89677417178116,-87.63594665706665,0.9,0.7,0.682
41.76836786586706,-87.62580935004172,0.4,0.5,0.500
41.86736766601225,-87.62740238294732,0.8,0.7,0.682
41.00836181944307,-87.6659090897442,0.6,0.5,0.500
41.88074455879221,-87.62769645951258,1.0,0.9,0.909
41.80468356005486,-87.6840649867607,0.5,0.5,0.500
41.88570342367616,-87.64177130414286,0.9,0.8,0.682
41.87818251886981,-87.62929566463735,1.0,0.9,0.909
41.87815275695708,-87.62759609756428,1.0,0.9,0.909
41.854514862029305,-87.67597409605341,0.6,0.5,0.545
41.8721079742148,-87.79160214979832,0.4,0.4,0.409
41.983504225254826,-87.65884028505945,0.7,0.6,0.591
41.99366426103332,-87.65920227948938,0.6,0.5,0.545
41.94370914853046,-87.67088394357924,0.7,0.5,0.591
41.87088639373906,-87.77678526925513,0.4,0.4,0.409
41.96792815152359,-87.71314203532829,0.5,0.6,0.500
41.891665201383724,-87.62802125739587,1.0,0.9,0.909
41.854130586664574,-87.70542795670059,0.5,0.5,0.500
41.88490437974896,-87.71652283291752,0.5,0.5,0.500
41.85375068701122,-87.73326365861335,0.4,0.4,0.409
41.982323370406654,-87.80889493503287,0.6,0.7,0.409
